Optimal - objective value 495.00000000
      0 v_i~0_j~0                             3                       1
      1 v_i~0_j~1                             9                       1
      2 v_i~0_j~2                             1                       1
      3 v_i~0_j~3                             5                       1
      4 v_i~0_j~4                             9                       1
      5 v_i~0_j~5                             8                       1
      6 v_i~0_j~6                             8                       1
      7 v_i~0_j~7                             7                       1
      8 v_i~0_j~8                             3                       1
      9 v_i~0_j~9                             8                       1
     10 v_i~0_j~10                            5                       1
     12 v_i~1_j~1                             7                       1
     14 v_i~1_j~3                             9                       1
     15 v_i~1_j~4                             9                       1
     16 v_i~1_j~5                             3                       1
     17 v_i~1_j~6                             6                       1
     18 v_i~1_j~7                             6                       1
     19 v_i~1_j~8                             6                       1
     20 v_i~1_j~9                             1                       1
     21 v_i~1_j~10                            6                       1
     23 v_i~2_j~1                             3                       1
     24 v_i~2_j~2                             3                       1
     25 v_i~2_j~3                             2                       1
     26 v_i~2_j~4                             2                       1
     27 v_i~2_j~5                             3                       1
     28 v_i~2_j~6                             8                       1
     29 v_i~2_j~7                             5                       1
     30 v_i~2_j~8                             5                       1
     31 v_i~2_j~9                             7                       1
     32 v_i~2_j~10                            7                       1
     33 v_i~3_j~0                             9                       1
     34 v_i~3_j~1                             9                       1
     36 v_i~3_j~3                             6                       1
     37 v_i~3_j~4                             2                       1
     38 v_i~3_j~5                             1                       1
     39 v_i~3_j~6                             7                       1
     42 v_i~3_j~9                             5                       1
     44 v_i~4_j~0                             6                       1
     45 v_i~4_j~1                             4                       1
     46 v_i~4_j~2                             4                       1
     47 v_i~4_j~3                             7                       1
     49 v_i~4_j~5                             9                       1
     50 v_i~4_j~6                             4                       1
     52 v_i~4_j~8                             7                       1
     53 v_i~4_j~9                             8                       1
     54 v_i~4_j~10                            2                       1
     55 v_i~5_j~0                             4                       1
     56 v_i~5_j~1                             5                       1
     58 v_i~5_j~3                             1                       1
     59 v_i~5_j~4                             8                       1
     60 v_i~5_j~5                             2                       1
     61 v_i~5_j~6                             1                       1
     62 v_i~5_j~7                             4                       1
     63 v_i~5_j~8                             5                       1
     64 v_i~5_j~9                             4                       1
     65 v_i~5_j~10                            5                       1
     66 v_i~6_j~0                             3                       1
     67 v_i~6_j~1                             2                       1
     68 v_i~6_j~2                             1                       1
     69 v_i~6_j~3                             7                       1
     70 v_i~6_j~4                             8                       1
     71 v_i~6_j~5                             9                       1
     72 v_i~6_j~6                             6                       1
     73 v_i~6_j~7                             6                       1
     74 v_i~6_j~8                             8                       1
     75 v_i~6_j~9                             9                       1
     76 v_i~6_j~10                            5                       1
     77 v_i~7_j~0                             3                       1
     78 v_i~7_j~1                             8                       1
     79 v_i~7_j~2                             3                       1
     80 v_i~7_j~3                             4                       1
     81 v_i~7_j~4                             4                       1
     82 v_i~7_j~5                             4                       1
     83 v_i~7_j~6                             2                       1
     84 v_i~7_j~7                             7                       1
     85 v_i~7_j~8                             4                       1
     86 v_i~7_j~9                             3                       1
     87 v_i~7_j~10                            3                       1
     88 v_i~8_j~0                             8                       1
     89 v_i~8_j~1                             6                       1
     90 v_i~8_j~2                             7                       1
     91 v_i~8_j~3                             2                       1
     93 v_i~8_j~5                             2                       1
     94 v_i~8_j~6                             1                       1
     95 v_i~8_j~7                             2                       1
     96 v_i~8_j~8                             4                       1
     97 v_i~8_j~9                             9                       1
     98 v_i~8_j~10                            1                       1
     99 v_i~9_j~0                             1                       1
    100 v_i~9_j~1                             5                       1
    101 v_i~9_j~2                             2                       1
    102 v_i~9_j~3                             9                       1
    103 v_i~9_j~4                             7                       1
    104 v_i~9_j~5                             1                       1
    105 v_i~9_j~6                             8                       1
    106 v_i~9_j~7                             6                       1
    107 v_i~9_j~8                             5                       1
    108 v_i~9_j~9                             6                       1
    109 v_i~9_j~10                            1                       1
    326 Tv_i~0_j~0_k~57                       1                       0
    412 Th_i~0_j~1_k~71                       1                       0
    935 Tv_i~0_j~3_k~48                       1                       0
   1174 Tv_i~0_j~4_k~9                        1                       0
   1275 Th_i~0_j~5_k~8                        1                       0
   1601 Th_i~0_j~7_k~82                       1                       0
   1991 Th_i~0_j~9_k~92                       1                       0
   2522 Th_i~1_j~1_k~61                       1                       0
   3347 Th_i~1_j~5_k~36                       1                       0
   3777 Th_i~1_j~7_k~6                        1                       0
   4160 Th_i~1_j~9_k~23                       1                       0
   4565 Tv_i~2_j~0_k~18                       1                       0
   4744 Tv_i~2_j~1_k~39                       1                       0
   4811 Th_i~2_j~2_k~72                       1                       0
   5381 Tv_i~2_j~4_k~2                        1                       0
   5518 Tv_i~2_j~5_k~65                       1                       0
   5686 Tv_i~2_j~6_k~97                       1                       0
   5878 Th_i~2_j~7_k~5                        1                       0
   6276 Th_i~2_j~9_k~7                        1                       0
   6968 Th_i~3_j~2_k~15                       1                       0
   7983 Th_i~3_j~7_k~0                        1                       0
   8324 Th_i~3_j~9_k~59                       1                       0
   8697 Tv_i~4_j~0_k~86                       1                       0
   8879 Th_i~4_j~1_k~4                        1                       0
   9314 Tv_i~4_j~3_k~69                       1                       0
   9566 Tv_i~4_j~4_k~17                       1                       0
   9705 Tv_i~4_j~5_k~78                       1                       0
   9825 Th_i~4_j~6_k~58                       1                       0
  10292 Tv_i~4_j~8_k~91                       1                       0
  10406 Th_i~4_j~9_k~77                       1                       0
  11009 Tv_i~5_j~1_k~74                       1                       0
  11273 Tv_i~5_j~2_k~10                       1                       0
  11962 Th_i~5_j~6_k~21                       1                       0
  12543 Th_i~5_j~9_k~40                       1                       0
  12980 Tv_i~6_j~0_k~3                        1                       0
  13496 Tv_i~6_j~3_k~87                       1                       0
  13695 Tv_i~6_j~4_k~88                       1                       0
  13787 Th_i~6_j~5_k~96                       1                       0
  14334 Tv_i~6_j~7_k~49                       1                       0
  14429 Th_i~6_j~8_k~54                       1                       0
  14803 Tv_i~6_j~10_k~80                      1                       0
  15100 Th_i~7_j~1_k~83                       1                       0
  15910 Th_i~7_j~5_k~73                       1                       0
  16504 Th_i~7_j~8_k~79                       1                       0
  16988 Th_i~8_j~0_k~95                       1                       0
  17507 Tv_i~8_j~2_k~76                       1                       0
  17627 Th_i~8_j~3_k~56                       1                       0
  18019 Th_i~8_j~5_k~64                       1                       0
  18553 Tv_i~8_j~7_k~30                       1                       0
  18639 Th_i~8_j~8_k~44                       1                       0
  19082 Tv_i~8_j~10_k~1                       1                       0
  19161 Th_i~9_j~0_k~22                       1                       0
  19385 Th_i~9_j~3_k~98                       1                       0
  19658 Th_i~9_j~5_k~25                       1                       0
  19938 Th_i~9_j~8_k~45                       1                       0
  20084 x_i~0_j~0                             1                       0
  20085 x_i~0_j~1                             7                       0
  20086 x_i~0_j~2                            -1                       0
  20087 x_i~0_j~3                             3                       0
  20088 x_i~0_j~4                             7                       0
  20089 x_i~0_j~5                             4                       0
  20090 x_i~0_j~6                             3                       0
  20091 x_i~0_j~7                             3                       0
  20092 x_i~0_j~8                             1                       0
  20093 x_i~0_j~9                             7                       0
  20094 x_i~0_j~10                            5                       0
  20095 x_i~1_j~0                            -1                       0
  20096 x_i~1_j~1                             5                       0
  20097 x_i~1_j~2                            -2                       0
  20098 x_i~1_j~3                             7                       0
  20099 x_i~1_j~4                             6                       0
  20100 x_i~1_j~5                            -1                       0
  20101 x_i~1_j~6                             3                       0
  20102 x_i~1_j~7                             5                       0
  20103 x_i~1_j~8                             6                       0
  20104 x_i~1_j~9                             1                       0
  20105 x_i~1_j~10                            6                       0
  20106 x_i~2_j~0                            -2                       0
  20112 x_i~2_j~6                             5                       0
  20113 x_i~2_j~7                             3                       0
  20114 x_i~2_j~8                             4                       0
  20115 x_i~2_j~9                             4                       0
  20116 x_i~2_j~10                            7                       0
  20117 x_i~3_j~0                             6                       0
  20118 x_i~3_j~1                             5                       0
  20119 x_i~3_j~2                            -5                       0
  20120 x_i~3_j~3                             2                       0
  20121 x_i~3_j~4                            -3                       0
  20122 x_i~3_j~5                            -4                       0
  20123 x_i~3_j~6                             2                       0
  20124 x_i~3_j~7                            -5                       0
  20125 x_i~3_j~8                            -4                       0
  20126 x_i~3_j~9                             1                       0
  20129 x_i~4_j~1                            -2                       0
  20130 x_i~4_j~2                            -3                       0
  20132 x_i~4_j~4                            -7                       0
  20133 x_i~4_j~5                             2                       0
  20134 x_i~4_j~6                            -3                       0
  20135 x_i~4_j~7                            -7                       0
  20136 x_i~4_j~8                             2                       0
  20137 x_i~4_j~9                             7                       0
  20138 x_i~4_j~10                            2                       0
  20139 x_i~5_j~0                            -1                       0
  20140 x_i~5_j~1                            -2                       0
  20141 x_i~5_j~2                            -9                       0
  20142 x_i~5_j~3                            -6                       0
  20143 x_i~5_j~4                             1                       0
  20144 x_i~5_j~5                            -6                       0
  20145 x_i~5_j~6                            -7                       0
  20146 x_i~5_j~7                            -3                       0
  20147 x_i~5_j~8                             1                       0
  20148 x_i~5_j~9                             3                       0
  20149 x_i~5_j~10                            5                       0
  20151 x_i~6_j~1                            -3                       0
  20152 x_i~6_j~2                            -5                       0
  20153 x_i~6_j~3                             2                       0
  20154 x_i~6_j~4                             3                       0
  20155 x_i~6_j~5                             2                       0
  20158 x_i~6_j~8                             3                       0
  20159 x_i~6_j~9                             6                       0
  20160 x_i~6_j~10                            5                       0
  20161 x_i~7_j~0                            -1                       0
  20162 x_i~7_j~1                             2                       0
  20163 x_i~7_j~2                            -4                       0
  20164 x_i~7_j~3                            -3                       0
  20165 x_i~7_j~4                            -4                       0
  20166 x_i~7_j~5                            -4                       0
  20167 x_i~7_j~6                            -6                       0
  20169 x_i~7_j~8                            -1                       0
  20171 x_i~7_j~10                            3                       0
  20172 x_i~8_j~0                             4                       0
  20173 x_i~8_j~1                             3                       0
  20175 x_i~8_j~3                            -6                       0
  20176 x_i~8_j~4                            -8                       0
  20177 x_i~8_j~5                            -6                       0
  20178 x_i~8_j~6                            -6                       0
  20179 x_i~8_j~7                            -3                       0
  20180 x_i~8_j~8                             1                       0
  20181 x_i~8_j~9                             8                       0
  20182 x_i~8_j~10                            1                       0
  20183 x_i~9_j~0                             1                       0
  20184 x_i~9_j~1                             5                       0
  20185 x_i~9_j~2                            -1                       0
  20186 x_i~9_j~3                             5                       0
  20187 x_i~9_j~4                             2                       0
  20188 x_i~9_j~5                            -3                       0
  20189 x_i~9_j~6                             6                       0
  20190 x_i~9_j~7                             4                       0
  20191 x_i~9_j~8                             4                       0
  20192 x_i~9_j~9                             6                       0
  20193 x_i~9_j~10                            1                       0
  20195 t1_i~0_j~0                            1                       0
  20197 t1_i~0_j~1                            7                       0
  20198 t2_i~0_j~2                            1                       0
  20201 t1_i~0_j~3                            3                       0
  20203 t1_i~0_j~4                            7                       0
  20205 t1_i~0_j~5                            4                       0
  20207 t1_i~0_j~6                            3                       0
  20209 t1_i~0_j~7                            3                       0
  20211 t1_i~0_j~8                            1                       0
  20213 t1_i~0_j~9                            7                       0
  20215 t1_i~0_j~10                           5                       0
  20216 t2_i~1_j~0                            1                       0
  20219 t1_i~1_j~1                            5                       0
  20220 t2_i~1_j~2                            2                       0
  20223 t1_i~1_j~3                            7                       0
  20225 t1_i~1_j~4                            6                       0
  20226 t2_i~1_j~5                            1                       0
  20229 t1_i~1_j~6                            3                       0
  20231 t1_i~1_j~7                            5                       0
  20233 t1_i~1_j~8                            6                       0
  20235 t1_i~1_j~9                            1                       0
  20237 t1_i~1_j~10                           6                       0
  20238 t2_i~2_j~0                            2                       0
  20251 t1_i~2_j~6                            5                       0
  20253 t1_i~2_j~7                            3                       0
  20255 t1_i~2_j~8                            4                       0
  20257 t1_i~2_j~9                            4                       0
  20259 t1_i~2_j~10                           7                       0
  20261 t1_i~3_j~0                            6                       0
  20263 t1_i~3_j~1                            5                       0
  20264 t2_i~3_j~2                            5                       0
  20267 t1_i~3_j~3                            2                       0
  20268 t2_i~3_j~4                            3                       0
  20270 t2_i~3_j~5                            4                       0
  20273 t1_i~3_j~6                            2                       0
  20274 t2_i~3_j~7                            5                       0
  20276 t2_i~3_j~8                            4                       0
  20279 t1_i~3_j~9                            1                       0
  20284 t2_i~4_j~1                            2                       0
  20286 t2_i~4_j~2                            3                       0
  20290 t2_i~4_j~4                            7                       0
  20293 t1_i~4_j~5                            2                       0
  20294 t2_i~4_j~6                            3                       0
  20296 t2_i~4_j~7                            7                       0
  20299 t1_i~4_j~8                            2                       0
  20301 t1_i~4_j~9                            7                       0
  20303 t1_i~4_j~10                           2                       0
  20304 t2_i~5_j~0                            1                       0
  20306 t2_i~5_j~1                            2                       0
  20308 t2_i~5_j~2                            9                       0
  20310 t2_i~5_j~3                            6                       0
  20313 t1_i~5_j~4                            1                       0
  20314 t2_i~5_j~5                            6                       0
  20316 t2_i~5_j~6                            7                       0
  20318 t2_i~5_j~7                            3                       0
  20321 t1_i~5_j~8                            1                       0
  20323 t1_i~5_j~9                            3                       0
  20325 t1_i~5_j~10                           5                       0
  20328 t2_i~6_j~1                            3                       0
  20330 t2_i~6_j~2                            5                       0
  20333 t1_i~6_j~3                            2                       0
  20335 t1_i~6_j~4                            3                       0
  20337 t1_i~6_j~5                            2                       0
