1.044e+04
1.044e+04
1.044e+04
1.044e+04
1.044e+04
1.044e+04
1.044e+04
1.044e+04
1.044e+04
1.044e+04
1.044e+04
1.044e+04
1.044e+04
1.044e+04
1.044e+04
1.044e+04
1.044e+04
1.044e+04
1.044e+04
1.044e+04
1.044e+04
1.044e+04
1.044e+04
1.044e+04
1.044e+04
1.044e+04
1.044e+04
1.044e+04
1.044e+04
1.044e+04
1.044e+04
1.044e+04
1.044e+04
1.044e+04
1.044e+04
1.044e+04
1.044e+04
1.044e+04
1.044e+04
1.044e+04
1.044e+04
1.044e+04
1.036e+04
1.012e+04
1.012e+04
1.012e+04
1.012e+04
9.919e+03
9.919e+03
9.919e+03
9.919e+03
9.919e+03
9.919e+03
9.919e+03
9.919e+03
9.785e+03
9.414e+03
9.401e+03
9.336e+03
9.336e+03
9.307e+03
9.260e+03
9.112e+03
9.029e+03
8.870e+03
8.826e+03
8.799e+03
8.736e+03
8.675e+03
8.600e+03
8.550e+03
8.506e+03
8.468e+03
8.394e+03
8.335e+03
8.252e+03
8.150e+03
8.087e+03
8.009e+03
7.988e+03
7.947e+03
7.909e+03
7.828e+03
7.790e+03
7.738e+03
7.652e+03
7.569e+03
7.444e+03
7.359e+03
7.355e+03
7.256e+03
7.173e+03
7.173e+03
7.173e+03
7.161e+03
7.120e+03
6.990e+03
6.979e+03
6.923e+03
6.847e+03
6.779e+03
6.753e+03
6.687e+03
6.650e+03
6.594e+03
6.509e+03
6.456e+03
6.437e+03
6.437e+03
6.437e+03
6.348e+03
6.271e+03
6.248e+03
6.224e+03
6.184e+03
6.184e+03
6.139e+03
6.085e+03
6.021e+03
6.006e+03
5.942e+03
5.870e+03
5.823e+03
5.802e+03
5.752e+03
5.625e+03
5.625e+03
5.621e+03
5.607e+03
5.591e+03
5.545e+03
5.481e+03
5.448e+03
5.411e+03
5.393e+03
5.385e+03
5.371e+03
5.353e+03
5.320e+03
5.305e+03
5.283e+03
5.210e+03
5.183e+03
5.135e+03
5.114e+03
5.096e+03
5.069e+03
5.050e+03
5.017e+03
5.009e+03
5.005e+03
4.966e+03
4.935e+03
4.894e+03
4.872e+03
4.815e+03
4.796e+03
4.770e+03
4.762e+03
4.729e+03
4.695e+03
4.676e+03
4.651e+03
4.628e+03
4.596e+03
4.551e+03
4.532e+03
4.515e+03
4.468e+03
4.431e+03
4.418e+03
4.401e+03
4.401e+03
4.374e+03
4.337e+03
4.322e+03
4.301e+03
4.262e+03
4.199e+03
4.175e+03
4.167e+03
4.165e+03
4.141e+03
4.140e+03
4.125e+03
4.111e+03
4.080e+03
4.055e+03
4.055e+03
4.024e+03
4.000e+03
3.985e+03
3.974e+03
3.972e+03
3.928e+03
3.912e+03
3.895e+03
3.895e+03
3.885e+03
3.864e+03
3.847e+03
3.804e+03
3.804e+03
3.804e+03
3.804e+03
3.790e+03
3.748e+03
3.737e+03
3.728e+03
3.709e+03
3.689e+03
3.665e+03
3.642e+03
3.621e+03
3.596e+03
3.574e+03
3.564e+03
3.539e+03
3.527e+03
3.501e+03
3.483e+03
3.468e+03
3.455e+03
3.442e+03
3.418e+03
3.386e+03
3.371e+03
3.355e+03
3.349e+03
3.342e+03
3.323e+03
3.309e+03
3.288e+03
3.287e+03
3.261e+03
3.236e+03
3.220e+03
3.214e+03
3.202e+03
3.202e+03
3.178e+03
3.168e+03
3.164e+03
3.151e+03
3.131e+03
3.103e+03
3.100e+03
3.087e+03
3.083e+03
3.068e+03
3.061e+03
3.055e+03
3.031e+03
3.020e+03
3.017e+03
2.985e+03
2.982e+03
2.968e+03
2.951e+03
2.937e+03
2.918e+03
2.909e+03
2.904e+03
2.894e+03
2.880e+03
2.872e+03
2.857e+03
2.839e+03
2.820e+03
2.813e+03
2.811e+03
2.809e+03
2.805e+03
2.790e+03
2.786e+03
2.768e+03
2.753e+03
2.747e+03
2.731e+03
2.725e+03
2.694e+03
2.668e+03
2.656e+03
2.652e+03
2.648e+03
2.638e+03
2.621e+03
2.602e+03
2.581e+03
2.568e+03
2.568e+03
2.563e+03
2.557e+03
2.546e+03
2.523e+03
2.515e+03
2.494e+03
2.476e+03
2.472e+03
2.462e+03
2.451e+03
2.448e+03
2.437e+03
2.413e+03
2.406e+03
2.397e+03
2.397e+03
2.388e+03
2.379e+03
2.364e+03
2.344e+03
2.333e+03
2.325e+03
2.311e+03
2.299e+03
2.299e+03
2.276e+03
2.257e+03
2.228e+03
2.216e+03
2.206e+03
2.185e+03
2.173e+03
2.158e+03
2.152e+03
2.144e+03
2.133e+03
2.124e+03
2.112e+03
2.106e+03
2.094e+03
2.087e+03
2.075e+03
2.061e+03
2.042e+03
2.036e+03
2.023e+03
2.018e+03
2.006e+03
2.006e+03
2.006e+03
1.996e+03
1.986e+03
1.978e+03
1.964e+03
1.961e+03
1.957e+03
1.950e+03
1.946e+03
1.937e+03
1.929e+03
1.919e+03
1.911e+03
1.911e+03
1.891e+03
1.877e+03
1.864e+03
1.860e+03
1.857e+03
1.843e+03
1.832e+03
1.827e+03
1.818e+03
1.806e+03
1.795e+03
1.788e+03
1.786e+03
1.778e+03
1.772e+03
1.758e+03
1.735e+03
1.727e+03
1.724e+03
1.724e+03
1.721e+03
1.719e+03
1.683e+03
1.678e+03
1.663e+03
1.659e+03
1.645e+03
1.640e+03
1.640e+03
1.640e+03
1.635e+03
1.625e+03
1.617e+03
1.608e+03
1.600e+03
1.597e+03
1.591e+03
1.588e+03
1.580e+03
1.575e+03
1.555e+03
1.547e+03
1.546e+03
1.542e+03
1.518e+03
1.510e+03
1.497e+03
1.491e+03
1.488e+03
1.487e+03
1.482e+03
1.482e+03
1.475e+03
1.466e+03
1.464e+03
1.456e+03
1.456e+03
1.444e+03
1.435e+03
1.427e+03
1.422e+03
1.409e+03
1.405e+03
1.387e+03
1.376e+03
1.365e+03
1.354e+03
1.354e+03
1.354e+03
1.342e+03
1.326e+03
1.324e+03
1.324e+03
1.315e+03
1.314e+03
1.307e+03
1.301e+03
1.287e+03
1.279e+03
1.276e+03
1.273e+03
1.260e+03
1.248e+03
1.242e+03
1.242e+03
1.234e+03
1.226e+03
1.226e+03
1.223e+03
1.219e+03
1.210e+03
1.205e+03
1.203e+03
1.199e+03
1.198e+03
1.198e+03
1.193e+03
1.189e+03
1.189e+03
1.185e+03
1.185e+03
1.173e+03
1.172e+03
1.156e+03
1.144e+03
1.141e+03
1.141e+03
1.137e+03
1.135e+03
1.128e+03
1.120e+03
1.113e+03
1.111e+03
1.103e+03
1.101e+03
1.100e+03
1.093e+03
1.091e+03
1.085e+03
1.074e+03
1.067e+03
1.054e+03
1.037e+03
1.028e+03
1.027e+03
1.021e+03
1.019e+03
1.005e+03
1.003e+03
1.001e+03
9.994e+02
9.970e+02
9.914e+02
9.793e+02
9.652e+02
9.617e+02
9.612e+02
9.515e+02
9.384e+02
9.250e+02
9.154e+02
9.066e+02
9.048e+02
9.011e+02
8.961e+02
8.961e+02
8.961e+02
8.955e+02
8.955e+02
8.882e+02
8.853e+02
8.768e+02
8.635e+02
8.499e+02
8.442e+02
8.442e+02
8.369e+02
8.331e+02
8.274e+02
8.196e+02
8.128e+02
8.088e+02
8.073e+02
8.034e+02
8.012e+02
7.963e+02
7.963e+02
7.963e+02
7.911e+02
7.911e+02
7.911e+02
7.911e+02
7.750e+02
7.690e+02
7.510e+02
7.510e+02
7.416e+02
7.416e+02
7.393e+02
7.290e+02
7.205e+02
7.172e+02
7.111e+02
7.068e+02
7.068e+02
7.039e+02
6.935e+02
6.864e+02
6.847e+02
6.837e+02
6.814e+02
6.752e+02
6.752e+02
6.708e+02
6.665e+02
6.665e+02
6.665e+02
6.665e+02
6.570e+02
6.562e+02
6.483e+02
6.377e+02
6.377e+02
6.377e+02
6.377e+02
6.377e+02
6.248e+02
6.248e+02
6.150e+02
6.139e+02
6.124e+02
6.097e+02
6.097e+02
5.964e+02
5.946e+02
5.909e+02
5.905e+02
5.848e+02
5.848e+02
5.808e+02
5.788e+02
5.781e+02
5.770e+02
5.709e+02
5.690e+02
5.668e+02
5.666e+02
5.666e+02
5.666e+02
5.641e+02
5.588e+02
5.550e+02
5.487e+02
5.411e+02
5.336e+02
5.314e+02
5.314e+02
5.272e+02
5.240e+02
5.105e+02
5.059e+02
5.014e+02
5.010e+02
5.010e+02
4.983e+02
4.983e+02
4.983e+02
4.983e+02
4.972e+02
4.972e+02
4.972e+02
4.932e+02
4.898e+02
4.849e+02
4.818e+02
4.686e+02
4.638e+02
4.627e+02
4.623e+02
4.592e+02
4.592e+02
4.592e+02
4.592e+02
4.592e+02
4.592e+02
4.588e+02
4.520e+02
4.473e+02
4.350e+02
4.350e+02
4.348e+02
4.348e+02
4.348e+02
4.348e+02
4.271e+02
4.260e+02
4.251e+02
4.216e+02
4.194e+02
4.166e+02
4.131e+02
4.106e+02
4.078e+02
4.026e+02
4.026e+02
4.009e+02
4.009e+02
3.988e+02
3.934e+02
3.901e+02
3.882e+02
3.845e+02
3.836e+02
3.799e+02
3.799e+02
3.726e+02
3.726e+02
3.707e+02
3.677e+02
3.677e+02
3.655e+02
3.613e+02
3.587e+02
3.536e+02
3.536e+02
3.503e+02
3.485e+02
3.485e+02
3.433e+02
3.433e+02
3.433e+02
3.433e+02
3.433e+02
3.433e+02
3.433e+02
3.391e+02
3.391e+02
3.328e+02
3.322e+02
3.316e+02
3.280e+02
3.280e+02
3.257e+02
3.182e+02
3.173e+02
3.165e+02
3.141e+02
3.124e+02
3.068e+02
3.022e+02
2.992e+02
2.949e+02
2.926e+02
2.897e+02
2.886e+02
2.886e+02
2.886e+02
2.886e+02
2.886e+02
2.886e+02
2.886e+02
2.886e+02
2.886e+02
2.886e+02
2.792e+02
2.763e+02
2.700e+02
2.604e+02
2.579e+02
2.531e+02
2.531e+02
2.519e+02
2.519e+02
2.519e+02
2.511e+02
2.511e+02
2.511e+02
2.511e+02
2.499e+02
2.468e+02
2.463e+02
2.447e+02
2.447e+02
2.447e+02
2.420e+02
2.420e+02
2.420e+02
2.402e+02
2.364e+02
2.294e+02
2.294e+02
2.253e+02
2.253e+02
2.253e+02
2.253e+02
2.215e+02
2.180e+02
2.170e+02
2.152e+02
2.152e+02
2.145e+02
2.132e+02
2.049e+02
2.049e+02
2.018e+02
2.018e+02
2.018e+02
2.018e+02
1.997e+02
1.997e+02
1.979e+02
1.953e+02
1.946e+02
1.911e+02
1.911e+02
1.911e+02
1.911e+02
1.911e+02
1.911e+02
1.911e+02
1.911e+02
1.911e+02
1.891e+02
1.891e+02
1.891e+02
1.868e+02
1.848e+02
1.814e+02
1.798e+02
1.756e+02
1.687e+02
1.687e+02
1.687e+02
1.672e+02
1.628e+02
1.531e+02
1.528e+02
1.526e+02
1.526e+02
1.526e+02
1.526e+02
1.526e+02
1.526e+02
1.526e+02
1.526e+02
